
 Timp 0, tabela rutare ruter 0
0 10000 -1
1 10000 -1
2 10000 -1
3 10000 -1
4 10000 -1
5 10000 -1
6 10000 -1
7 10000 -1
8 10000 -1
9 10000 -1

 Timp 0, tabela rutare ruter 1
0 10000 -1
1 10000 -1
2 10000 -1
3 10000 -1
4 10000 -1
5 10000 -1
6 10000 -1
7 10000 -1
8 10000 -1
9 10000 -1

 Timp 1, tabela rutare ruter 1
0 10000 -1
1 10000 -1
2 10000 -1
3 10000 -1
4 10000 -1
5 10000 -1
6 10000 -1
7 10000 -1
8 10000 -1
9 10000 -1

 Timp 1, tabela rutare ruter 0
0 10000 -1
1 10000 -1
2 10000 -1
3 10000 -1
4 10000 -1
5 10000 -1
6 10000 -1
7 10000 -1
8 10000 -1
9 10000 -1

 Timp 1, tabela rutare ruter 2
0 10000 -1
1 10000 -1
2 10000 -1
3 10000 -1
4 10000 -1
5 10000 -1
6 10000 -1
7 10000 -1
8 10000 -1
9 10000 -1

 Timp 2, tabela rutare ruter 0
0 10000 -1
1 10000 -1
2 10000 -1
3 10000 -1
4 10000 -1
5 10000 -1
6 10000 -1
7 10000 -1
8 10000 -1
9 10000 -1

 Timp 2, tabela rutare ruter 1
0 10000 -1
1 10000 -1
2 10000 -1
3 10000 -1
4 10000 -1
5 10000 -1
6 10000 -1
7 10000 -1
8 10000 -1
9 10000 -1

 Timp 2, tabela rutare ruter 2
0 10000 -1
1 10000 -1
2 10000 -1
3 10000 -1
4 10000 -1
5 10000 -1
6 10000 -1
7 10000 -1
8 10000 -1
9 10000 -1

 Timp 2, tabela rutare ruter 3
0 10000 -1
1 10000 -1
2 10000 -1
3 10000 -1
4 10000 -1
5 10000 -1
6 10000 -1
7 10000 -1
8 10000 -1
9 10000 -1

 Timp 3, tabela rutare ruter 0
0 10000 -1
1 10000 -1
2 10000 -1
3 10000 -1
4 10000 -1
5 10000 -1
6 10000 -1
7 10000 -1
8 10000 -1
9 10000 -1

 Timp 3, tabela rutare ruter 1
0 10000 -1
1 10000 -1
2 10000 -1
3 10000 -1
4 10000 -1
5 10000 -1
6 10000 -1
7 10000 -1
8 10000 -1
9 10000 -1

 Timp 3, tabela rutare ruter 2
0 10000 -1
1 10000 -1
2 10000 -1
3 10000 -1
4 10000 -1
5 10000 -1
6 10000 -1
7 10000 -1
8 10000 -1
9 10000 -1

 Timp 3, tabela rutare ruter 3
0 10000 -1
1 10000 -1
2 10000 -1
3 10000 -1
4 10000 -1
5 10000 -1
6 10000 -1
7 10000 -1
8 10000 -1
9 10000 -1

 Timp 4, tabela rutare ruter 0
0 10000 -1
1 10000 -1
2 10000 -1
3 10000 -1
4 10000 -1
5 10000 -1
6 10000 -1
7 10000 -1
8 10000 -1
9 10000 -1

 Timp 4, tabela rutare ruter 1
0 10000 -1
1 10000 -1
2 10000 -1
3 10000 -1
4 10000 -1
5 10000 -1
6 10000 -1
7 10000 -1
8 10000 -1
9 10000 -1

 Timp 4, tabela rutare ruter 2
0 10000 -1
1 10000 -1
2 10000 -1
3 10000 -1
4 10000 -1
5 10000 -1
6 10000 -1
7 10000 -1
8 10000 -1
9 10000 -1

 Timp 4, tabela rutare ruter 3
0 10000 -1
1 10000 -1
2 10000 -1
3 10000 -1
4 10000 -1
5 10000 -1
6 10000 -1
7 10000 -1
8 10000 -1
9 10000 -1

 Timp 4, tabela rutare ruter 4
0 10000 -1
1 10000 -1
2 10000 -1
3 10000 -1
4 10000 -1
5 10000 -1
6 10000 -1
7 10000 -1
8 10000 -1
9 10000 -1

 Timp 5, tabela rutare ruter 0
0 10000 -1
1 10000 -1
2 10000 -1
3 10000 -1
4 10000 -1
5 10000 -1
6 10000 -1
7 10000 -1
8 10000 -1
9 10000 -1

 Timp 5, tabela rutare ruter 1
0 10000 -1
1 10000 -1
2 10000 -1
3 10000 -1
4 10000 -1
5 10000 -1
6 10000 -1
7 10000 -1
8 10000 -1
9 10000 -1

 Timp 5, tabela rutare ruter 2
0 10000 -1
1 10000 -1
2 10000 -1
3 10000 -1
4 10000 -1
5 10000 -1
6 10000 -1
7 10000 -1
8 10000 -1
9 10000 -1

 Timp 5, tabela rutare ruter 4
0 10000 -1
1 10000 -1
2 10000 -1
3 10000 -1
4 10000 -1
5 10000 -1
6 10000 -1
7 10000 -1
8 10000 -1
9 10000 -1

 Timp 5, tabela rutare ruter 5
0 10000 -1
1 10000 -1
2 10000 -1
3 10000 -1
4 10000 -1
5 10000 -1
6 10000 -1
7 10000 -1
8 10000 -1
9 10000 -1

 Timp 5, tabela rutare ruter 3
0 10000 -1
1 10000 -1
2 10000 -1
3 10000 -1
4 10000 -1
5 10000 -1
6 10000 -1
7 10000 -1
8 10000 -1
9 10000 -1

 Timp 6, tabela rutare ruter 0
0 10000 -1
1 10000 -1
2 10000 -1
3 10000 -1
4 10000 -1
5 10000 -1
6 10000 -1
7 10000 -1
8 10000 -1
9 10000 -1

 Timp 6, tabela rutare ruter 1
0 10000 -1
1 10000 -1
2 10000 -1
3 10000 -1
4 10000 -1
5 10000 -1
6 10000 -1
7 10000 -1
8 10000 -1
9 10000 -1

 Timp 6, tabela rutare ruter 2
0 10000 -1
1 10000 -1
2 10000 -1
3 10000 -1
4 10000 -1
5 10000 -1
6 10000 -1
7 10000 -1
8 10000 -1
9 10000 -1

 Timp 6, tabela rutare ruter 4
0 10000 -1
1 10000 -1
2 10000 -1
3 10000 -1
4 10000 -1
5 10000 -1
6 10000 -1
7 10000 -1
8 10000 -1
9 10000 -1

 Timp 6, tabela rutare ruter 5
0 10000 -1
1 10000 -1
2 10000 -1
3 10000 -1
4 10000 -1
5 10000 -1
6 10000 -1
7 10000 -1
8 10000 -1
9 10000 -1

 Timp 6, tabela rutare ruter 3
0 10000 -1
1 10000 -1
2 10000 -1
3 10000 -1
4 10000 -1
5 10000 -1
6 10000 -1
7 10000 -1
8 10000 -1
9 10000 -1

 Timp 7, tabela rutare ruter 0
0 10000 -1
1 10000 -1
2 10000 -1
3 10000 -1
4 10000 -1
5 10000 -1
6 10000 -1
7 10000 -1
8 10000 -1
9 10000 -1

 Timp 7, tabela rutare ruter 1
0 10000 -1
1 10000 -1
2 10000 -1
3 10000 -1
4 10000 -1
5 10000 -1
6 10000 -1
7 10000 -1
8 10000 -1
9 10000 -1

 Timp 7, tabela rutare ruter 2
0 10000 -1
1 10000 -1
2 10000 -1
3 10000 -1
4 10000 -1
5 10000 -1
6 10000 -1
7 10000 -1
8 10000 -1
9 10000 -1

 Timp 7, tabela rutare ruter 4
0 10000 -1
1 10000 -1
2 10000 -1
3 10000 -1
4 10000 -1
5 10000 -1
6 10000 -1
7 10000 -1
8 10000 -1
9 10000 -1

 Timp 7, tabela rutare ruter 5
0 10000 -1
1 10000 -1
2 10000 -1
3 10000 -1
4 10000 -1
5 10000 -1
6 10000 -1
7 10000 -1
8 10000 -1
9 10000 -1

 Timp 7, tabela rutare ruter 3
0 10000 -1
1 10000 -1
2 10000 -1
3 10000 -1
4 10000 -1
5 10000 -1
6 10000 -1
7 10000 -1
8 10000 -1
9 10000 -1

 Timp 8, tabela rutare ruter 0
0 10000 -1
1 10000 -1
2 10000 -1
3 10000 -1
4 10000 -1
5 10000 -1
6 10000 -1
7 10000 -1
8 10000 -1
9 10000 -1

 Timp 8, tabela rutare ruter 1
0 10000 -1
1 10000 -1
2 10000 -1
3 10000 -1
4 10000 -1
5 10000 -1
6 10000 -1
7 10000 -1
8 10000 -1
9 10000 -1

 Timp 8, tabela rutare ruter 2
0 10000 -1
1 10000 -1
2 10000 -1
3 10000 -1
4 10000 -1
5 10000 -1
6 10000 -1
7 10000 -1
8 10000 -1
9 10000 -1

 Timp 8, tabela rutare ruter 4
0 10000 -1
1 10000 -1
2 10000 -1
3 10000 -1
4 10000 -1
5 10000 -1
6 10000 -1
7 10000 -1
8 10000 -1
9 10000 -1

 Timp 8, tabela rutare ruter 5
0 10000 -1
1 10000 -1
2 10000 -1
3 10000 -1
4 10000 -1
5 10000 -1
6 10000 -1
7 10000 -1
8 10000 -1
9 10000 -1

 Timp 8, tabela rutare ruter 3
0 10000 -1
1 10000 -1
2 10000 -1
3 10000 -1
4 10000 -1
5 10000 -1
6 10000 -1
7 10000 -1
8 10000 -1
9 10000 -1
